100
4001
false
1
100
5 3 3 8 2 4 1 5 9 6 7 1 2 5 3 3 8 7 4 7 8 4 5 9 5 7 6 3 7 7 1 2 8 3 5 9 1 3 8 8 1 8 5 5 7 2 8 8 1 1 3 3 7 8 1 5 7 9 2 7 6 6 4 1 9 2 8 6 6 3 1 3 1 2 1 8 1 7 8 4 2 4 3 5 5 3 3 5 6 6 7 5 6 3 3 9 2 4 5 4
1
8
10 3 9 5 10 2 1 8 8 7 8 6 4 8 10 9 8 3 3 4 1 6 7 2 3 1 9 2 5 10 6 9 3 9 10 10 1 3 10 5 10 9 10 8 3 9 10 9 9 10 1 8 4 2 4 3 4 7 7 4 10 2 9 1 5 1 3 5 6 10 7 9 7 9 6 2 6 5 9 2 7 2 10 10 7 6 1 2 9 4 9 1 5 6 7 6 9 4 5 3
4 2 8 7 3 6 9 3 3 4 6 6 4 3 6 7 2 2 6 7 6 4 5 9 7 1 4 10 1 6 7 9 9 10 1 8 5 4 7 6 8 7 5 1 5 8 5 9 3 2 8 3 2 8 4 10 9 3 6 10 2 7 2 5 5 1 2 8 1 5 5 9 10 3 5 8 10 5 5 6 9 9 2 5 8 8 4 4 10 9 1 1 9 3 9 1 6 2 3 7
