100
4002
false
1
100
6 5 6 1 8 9 3 1 7 1 3 5 3 5 8 7 9 7 8 9 2 2 1 9 8 9 2 4 4 4 1 5 6 4 4 5 8 3 9 9 6 5 5 7 4 6 6 7 2 2 6 8 5 5 1 1 8 3 9 5 4 2 2 1 3 6 1 7 6 2 9 1 3 5 1 5 4 1 4 3 9 1 4 8 6 8 1 2 2 3 4 7 2 3 9 1 6 7 3 5
4
2
0 10 0 4 4 5 2 4 3 5 0 4 7 6 4 9 6 6 8 7 9 1 6 2 4 8 10 9 4 2 10 8 6 6 6 2 4 10 7 4 3 1 2 8 9 9 7 6 2 2 3 6 7 9 4 8 6 6 9 10 4 7 1 9 8 4 7 0 8 3 1 1 6 0 4 4 2 9 10 10 6 4 4 7 8 1 6 6 2 2 1 6 1 8 8 3 9 1 3 10
7 8 3 2 0 7 9 0 6 8 6 0 5 6 1 2 2 5 9 0 5 2 7 8 1 0 10 9 9 7 5 9 7 10 8 1 0 5 9 6 8 5 6 8 4 10 9 3 0 3 8 10 3 8 8 3 8 3 5 1 9 5 3 6 3 5 7 1 4 10 8 4 4 1 10 0 8 6 4 8 0 4 4 5 10 3 5 1 0 6 2 4 8 4 6 7 2 8 2 0
