100
4003
false
1
100
8 5 7 5 7 1 7 5 7 2 5 4 3 6 4 6 3 9 6 3 1 6 5 9 9 8 6 9 3 1 9 4 3 6 6 2 4 3 4 3 2 3 1 7 2 1 4 2 8 5 7 1 6 8 6 8 7 2 6 6 1 6 8 4 3 8 3 3 3 1 1 2 8 9 3 2 6 3 8 8 1 6 1 3 1 9 5 8 3 7 2 9 4 1 6 5 6 3 7 7
10
2
0 2 6 2 7 1 2 7 2 1 0 3 8 4 4 6 8 2 3 1 0 2 6 0 1 10 3 7 7 9 10 9 6 4 7 2 9 3 8 10 5 4 7 2 10 10 3 7 2 1 9 10 6 10 1 9 1 4 8 10 1 8 6 6 0 4 0 0 6 5 0 0 1 9 8 2 8 8 1 4 1 8 7 3 10 1 7 7 8 0 9 9 3 10 2 1 2 9 0 6
9 8 9 5 9 5 0 1 6 0 8 1 3 0 1 1 1 1 8 10 2 1 6 6 2 6 10 7 9 5 0 0 0 9 9 3 9 2 5 7 10 0 2 8 7 3 5 8 1 3 1 0 2 2 9 2 7 3 2 5 0 10 1 4 7 2 10 1 4 7 1 10 3 9 5 0 3 1 8 7 5 2 6 5 6 2 8 0 3 2 7 7 10 3 10 0 4 2 7 10
