100
4000
false
1
100
2 4 9 6 4 3 4 1 8 5 5 2 2 4 7 5 6 5 6 4 9 9 1 9 3 9 1 7 2 9 2 3 1 1 5 2 3 3 6 6 5 1 7 6 9 5 2 4 6 7 9 3 8 4 3 8 8 1 3 6 8 2 7 7 2 8 5 9 9 7 1 2 4 6 8 2 8 4 5 6 1 2 6 1 2 2 8 6 4 2 9 4 5 7 6 3 9 8 2 2
5
10
1 7 10 2 2 5 1 2 0 7 1 2 1 3 4 0 8 8 10 4 1 2 6 9 9 0 6 3 0 7 8 7 7 10 10 3 3 6 7 4 10 5 0 9 10 1 10 7 5 8 4 4 4 10 9 10 8 1 7 1 6 9 1 5 1 3 3 1 4 10 7 10 6 9 1 1 3 9 0 1 6 0 0 9 1 2 9 10 4 7 9 0 4 0 6 8 5 5 5 5
1 8 7 10 7 1 0 5 9 4 9 1 0 6 1 0 9 10 8 8 10 1 6 5 4 4 9 2 8 3 8 3 3 5 1 5 9 10 0 10 1 3 7 7 10 9 10 2 4 1 8 9 4 6 10 0 7 2 10 8 1 1 10 1 10 0 4 0 4 5 5 4 3 6 9 9 6 8 1 3 8 9 8 4 4 10 2 10 5 7 2 9 4 1 5 4 9 7 2 10
